20	0	0	0	0	0	85	1107
40	847	0	0	847	0	416	9900
60	2371	0	0	2371	0	949	41811
80  4810    0   0   4810    0   2411    123308
100	7715	0	0	7715	0	3061	285244
120	13002	0	0	13002	0	6323	600625
140	30270	0	0	30270	0	9421	478480
160	48353	0	0	48353	0	13032	695452
180	72471	0	0	72471	0	18387	1074662
200	97622	0	0	97622	0	25016	1520840
220	124748	0	0	124748	0	32414	1929463
240	162979	0	0	162979	0	50038	2742550
260	189804	0	0	189804	0	61712	3284458
280	244936	0	0	244936	0	64062	4339013
300	320011	2	0	320013	0	84413	5171187
