19200	19200	3840	76	37423.6	6417.773947
38400	38400	3840	234	48420.2	67.022118
57600	57600	3840	514	49529.1	343.164008
76800	76800	3840	951	47654.6	3118.928532
96000	96000	3840	1708	41444.7	5843.242861
115200	115200	3840	3190	31952.1	4956.003296
134400	134400	3840	5156	26903.4	829.337540
153600	153600	3840	8070	22454.0	993.321431
172800  172800  3840    12676   18090.5 433.892079
192000	192000	3840	17751	15949.0	274.010757
211200	211200	3840	23360	14664.6	389.435929
230400	230400	3840	30981	13159.1	91.195795
249600	249600	3840	38605	12393.7	77.612606
268800	268800	3840	47730	11626.0	98.147795
288000	288000	3840	59421	10720.2	58.956651
19200	19200	3840	78	36370.7	7670.690206
38400	38400	3840	235	48221.4	308.309845
57600	57600	3840	508	50206.6	82.379372
76800   76800   3840    891     50814.6 179.469175
96000	96000	3840	1388	51011.3	206.673478
115200	115200	3840	2016	50564.0	232.853152
134400	134400	3840	2951	47009.0	267.646808
153600	153600	3840	3901	46451.0	263.837043
172800	172800	3840	5010	45771.2	277.638634
192000	192000	3840	6285	45043.9	133.993786
211200	211200	3840	7689	44554.7	239.552881
230400	230400	3840	9181	44405.7	230.589871
249600	249600	3840	10944	43720.5	245.836767
268800	268800	3840	12741	43553.9	312.715251
288000	288000	3840	14716	43285.9	223.158732
