563368
1857184
3986687
6968946
10795834
17988126
54643092
112042851
143681830
175939343
787527
2231088
4018699
6901925
10611934
15240321
20898158
26946336
34306792
44484988
549971
1802558
3874754
6771244
14722087
14956041
65851787
92361569
129130170
184906176
546333
1783756
3926422
7182958
12940632
24136146
43183413
70712421
104820082
162562396
0
0
0
0
0
0
0
0
0
0
539103
1786542
3868244
7012733
11828766
18962706
28508587
41051914
58267658
80459098
540623
1781305
3881516
7029669
11792849
19053317
28488384
41067474
58127364
80195310
