454128
1368042
2811979
4847374
7380311
10617852
66700302
86581162
112885263
134864498
167972548
191386006
227336651
263881029
301251522
550776
1351447
2805964
4826486
7333704
10452177
14265308
18347127
23191752
28451343
34783538
49559485
66487504
90471690
110580077
545127
1345772
2783525
4752096
7281987
10352983
17457907
32426400
112846690
134706367
167907667
191371178
233631459
264039082
301084607
442645
1246383
2605208
4653149
7414045
11872224
23045302
40169431
59766256
90098442
120886638
162273437
210194114
251431806
330395653
448690
1243941
2605058
4763445
7888204
15100260
25329547
5141236
0
0
0
0
0
0
0
443091
1256614
2617488
4545257
7066389
10292435
14386810
19470557
26133284
34075343
43984808
54301291
67645550
82838535
100707356
429809
1247539
2612450
4539113
7047361
10292288
14378843
19793636
26131339
34012559
43994858
54354519
67544138
83021930
100680410
