218214
652308
1371795
2416323
3699600
5237816
23183155
30150536
38353108
47327270
57067437
67887163
79613710
92244903
105799937
202264
646011
1360647
2411044
3691697
5225010
7134350
9150075
11532336
14185300
17112640
20320064
23819969
30791200
40065008
183953
621881
1260750
2255011
3469241
4979263
6834318
9366605
14218273
21015129
29054645
38881095
50218875
62963303
77844737
184113
589885
1263257
2257928
3706842
5379311
7035048
9215854
13221661
20151233
27768507
37661554
49230950
61786721
76948463
184015
589822
1281394
2217617
3429783
4913504
6670338
8706285
11014571
13638586
16859131
19802332
23346947
27382980
31786645
183992
588457
1261088
2213308
3426438
4913909
6665687
8702180
11018420
13617869
16838307
19752700
23339058
27338337
31719997
